0 0 0 0 146468864 0
2 31210 26564 3065 151535616 0
4 9921 4545 5050 140754944 0
6 9829 2027 3548 140754944 0
8 17502 9559 6037 140759040 0
10 9663 4627 2056 140759040 0
12 9721 3007 4010 140759040 0
14 9606 3045 2538 140759040 0
16 17917 10152 7106 140767232 0
18 9875 2534 3041 140767232 0
20 9681 4081 4591 140767232 0
22 9654 5082 3049 140767232 0
24 22590 12198 7115 140787712 0
26 9510 4060 4060 140787712 0
28 9984 4551 4551 140787712 0
30 9887 2046 3069 140787712 0
32 16494 8152 6624 140791808 0
34 9675 4086 3065 140791808 0
36 9521 2056 3084 140791808 0
38 10363 3100 4134 140791808 0
40 16992 7741 6193 140795904 0
42 9743 3072 4097 140795904 0
44 9824 4597 3065 140795904 0
46 9883 4597 3065 140795904 0
48 16762 7585 6573 140800000 0
50 9909 5626 3069 140800000 0
52 9008 4102 5128 140800000 0
