0 0 0 0 163414016 0
2 19267 6153 7692 163414016 0
4 18469 9160 7124 163414016 0
6 19735 8706 8194 163414016 0
8 20775 7712 10282 163414016 0
10 18757 6735 6735 163414016 0
12 19344 8729 8729 163414016 0
14 19600 8740 8740 163414016 0
16 17667 6829 7317 163414016 0
18 18993 7604 8618 163414016 0
20 18400 7633 6106 163414016 0
22 18755 6701 7216 163414016 0
24 18295 10659 7614 163414016 0
26 18472 6138 6138 163414016 0
28 19424 9171 8152 163414016 0
30 19783 6153 7692 163414016 0
32 17744 5486 7980 163414016 0
