29424604
52259969
125594512
116946386
53358415
25011952
28482398
26972135
26260826
25813112
26698267
28072416
27696517
27860632
27545108
27458147
27221861
27462382
27211858
26904744
27395333
26746187
31747159
39493013
39623639
40113340
39363092
27944491
27955702
35446425
57645654
67316870
89541562
62234344
44921818
67340368
81139338
63406571
44785202
43651638
44628540
31199119
28547849
31619089
43539504
40168973
30620082
30349883
30333429
30401627
31837277
32058048
32936787
31431399
30873171
30106750
30139496
29791216
30271235
25874198
31621735
31254281
29056313
31196142
31157738
31258050
31406317
30955922
31042342
31035636
34503116
33306001
36157918
132908036
223664345
218414052
290445662
119395339
91766426
94579264
77447596
58684995
48485424
39482869
45465654
31269831
30424420
29016497
31872319
34144797
33481998
44308290
50197283
43787312
34806001
46319671
35511304
29685708
29787212
31661567
30932006
31363328
183162493
287951125
83238994
29621334
56661861
36025458
153073042
32859995
29476479
32983411
28005787
34290881
100614630
43549663
59687000
188158879
22103854
22279099
26513931
25605799
25604029
26599148
25919223
27836135
27297717
28847762
28719070
28037225
28442572
29630325
35888125
263033456
32815933
34144122
29949953
29256411
28643781
28261603
28691901
32601849
29815167
30219325
29088639
28380307
28909875
28516256
29473893
51238429
74353899
143631724
27280592
26273410
26739191
26246132
28333710
141947743

