735953793
513267564
457350472
447423596
444266670
455507879
456218986
455175996
440697722
453248424
467773087
444683955
465953701
471506173
473944588
474202120
524633263
450013146
514916616
464276133
445635553
467788964
448464268
466455710
461908664
448054387
455297300
459324795
481885470
469944074
464602673
439515051
445814948
450319783
458323480
462037357
438903482
506184199
446832671
496934956
466653044
532393361
454032391
460249589
465552360
457831733
450934358
458805992
445639916
451383429
450954456
470250934
464640187
467443691
454482364
464294370
451819589
476468044
472818983
541755727


