0 0 0 0 162111488 0
2 16625 7662 4597 162115584 0
4 17662 10606 5050 162119680 0
6 17772 8651 7633 162131968 0
8 16729 9113 4050 162131968 0
10 16747 7151 6641 162131968 0
12 16699 7133 5095 162131968 0
14 17924 8629 7614 162131968 0
16 16777 9608 6573 162136064 0
18 17989 7133 7133 162140160 0
20 17308 12167 6083 162140160 0
22 16453 10113 6068 162140160 0
24 17006 8662 5605 162140160 0
26 16661 6641 6641 162140160 0
28 18046 11210 5605 162140160 0
30 16914 8729 4621 162140160 0
32 16187 7566 7566 162140160 0
34 16699 10606 5050 162140160 0
36 16920 7643 5605 162140160 0
38 16545 9102 7585 162140160 0
40 17410 8673 6122 162144256 0
42 17155 7614 5583 162144256 0
44 15343 8050 5031 162144256 0
46 18821 9218 5633 162140160 0
