0 0 0 0 2244608 0
2 2876 1006 1509 2244608 3932160
4 3211 1002 1503 2244608 3932160
6 2839 0 2007 2260992 3948544
8 2992 505 2020 2260992 3932160
10 3035 505 1517 2396160 3940352
12 2955 501 2506 2277376 3940352
14 2877 1003 1505 2277376 3932160
16 2895 998 1498 2281472 3932160
18 2947 1507 1507 2281472 3936256
20 2946 505 1515 2285568 3936256
22 3046 1501 2503 2289664 3936256
24 3056 1006 1509 2289664 3932160
26 3014 503 1007 2297856 3940352
28 2897 503 2015 2297856 3932160
30 3014 0 2033 2297856 3932160
32 2954 502 2010 2301952 3936256
34 2999 1503 1002 2437120 4104192
