
time CPU_PROC CPU_USER CPU_KERNEL MEM_SWAP IO_WRITE
10 0 0 0 20361216 0
12 11945 4025 5534 20226048 14856192
14 19395 6532 11557 20516864 25362432
16 21498 5056 12642 20463616 26841088
18 20992 6060 14141 20422656 26791936
20 15728 5076 10659 20303872 19382272
22 14562 6007 9511 20520960 19677184
24 21394 7471 15442 20418560 26812416
26 21202 7604 12167 20574208 26165248
28 19031 5056 11630 20602880 24166400
30 6455 2030 5076 20553728 7032832
32 12356 4000 8000 20566016 13795328
34 12386 3026 7061 20631552 12947456
36 12201 4522 7035 20520960 13053952
38 12679 3022 9068 20553728 14114816
40 15863 4055 9632 20578304 19955712
42 15467 5012 8020 20455424 19038208
44 17368 6022 10539 20672512 21184512
46 20876 8010 11013 20832256 25821184
48 20591 7061 10088 20688896 26710016
50 19202 5128 10256 20680704 21712896
52 10148 2534 6083 20684800 12746752
54 20608 5555 12121 20795392 26820608
56 21300 7008 13516 20664320 26333184
58 21551 9559 12578 20766720 26136576
60 9974 3049 6099 20709376 13053952
62 22246 7008 15519 20877312 26050560
64 19917 7044 11572 20951040 26693632
66 22527 4545 15151 20926464 25825280
68 11838 3548 5576 20692992 16052224
70 18832 5102 10714 20844544 23777280
72 21318 9011 12515 20893696 25858048
74 21167 6947 14888 21016576 26939392
76 17651 6022 11543 20770816 21807104
78 13578 4030 8060 20877312 18120704
80 22037 7088 15189 21127168 25907200
82 21333 5076 13705 21008384 26464256
84 20781 8618 9632 21135360 26365952
86 11217 4488 5985 21159936 13213696
88 22232 9975 14962 21086208 26648576
90 21357 7566 14627 21180416 26710016
92 20411 5619 10217 21225472 26263552
94 11908 5000 6500 21131264 13275136
96 21152 7070 10606 21159936 26943488
98 20015 6565 10606 21032960 26054656
100 23653 7161 13299 21032960 26382336
102 10240 2493 6982 21106688 13492224
104 15093 4494 9987 21176320 18006016
106 13061 3517 10552 20983808 15020032
108 14470 4551 12642 21094400 14041088
110 10658 3553 6598 21032960 12062720
112 12834 5555 8080 20934656 14884864
114 21602 6508 16520 20889600 23662592
116 11516 4556 7088 21118976 15970304
118 21543 6045 15617 21184512 26759168
120 21357 7623 14739 21086208 26136576
122 20955 6015 13032 21168128 26914816
124 9972 3037 6075 21127168 12849152
126 21918 8091 12642 21037056 26923008
128 23827 6565 15656 21291008 25972736
130 20526 5167 10852 21196800 27086848
132 10071 3539 5562 21295104 13709312
134 22932 7052 15617 21196800 26251264
136 21037 6022 14554 21495808 27185152
138 20803 8070 12610 21266432 26779648
140 11694 3053 7124 21299200 13230080
142 21410 6524 15558 21225472 27217920
144 21398 8070 13619 21344256 27271168
146 20984 8050 13584 21446656 25903104
148 13974 5493 8988 21188608 17362944
150 9040 2027 7097 21258240 10596352
152 12907 4000 8000 21381120 15032320
154 10926 4534 5037 21377024 10788864
156 10222 4010 6516 21360640 10854400
158 19032 8060 11586 21549056 25808896
160 22489 5612 16326 21291008 25300992
162 10027 3022 5541 21344256 13774848
164 22080 9090 11111 21618688 26169344
166 21199 8531 13048 21409792 26464256
168 21483 8933 13895 21483520 27140096
170 10960 3557 7115 21544960 13086720
172 20629 6060 12626 21667840 26558464
174 23034 7623 10673 21536768 25260032
176 17543 5506 10513 21417984 22953984
178 12931 5534 6037 21618688 14589952
180 6705 2534 3041 21639168 7081984
182 13289 3530 7566 21549056 14065664
184 11306 3535 5050 21426176 13189120
186 14710 4956 9417 21696512 16658432
188 21632 8111 12167 21577728 25563136
190 18985 6683 9768 21352448 22597632
192 13277 3530 8070 21504000 16523264
194 21438 8575 11601 21544960 26730496
196 21029 8457 13930 21508096 25436160
198 21374 5555 13636 21655552 27115520
200 10037 2554 5619 21708800 12697600
202 22585 7537 15577 21516288 26427392
204 21791 8531 12547 21528576 26906624
206 22048 6075 12658 21520384 26386432
208 11002 4020 7537 21606400 13185024
210 21585 5590 14739 21307392 25972736
212 21853 7566 11601 21344256 27115520
214 20038 6557 13619 21405696 26841088
216 12495 5025 7537 21233664 13807616
218 20653 5534 14088 21463040 26169344
220 21131 8629 12690 21504000 27156480
222 21227 7026 14052 21458944 26382336
224 15997 6508 9511 21315584 18673664
226 17007 5479 11457 21520384 21565440
228 19355 7079 10619 21491712 26660864
230 23588 6649 13810 21549056 26861568
232 17600 7052 9068 21405696 23302144
234 12507 4534 8564 21577728 16719872
236 21077 6524 14052 21544960 25960448
238 12662 4030 7556 21471232 14393344
240 12423 4556 8101 21475328 14041088
242 9763 2030 6091 21590016 10686464
244 13510 6991 7490 21622784 15282176
