192208310
314037131
436283298
376792747
317677036
317295948
324758429
376998714
342242889
323422987
325685320
220410852
172410765
221915806
214535668
188809349
236960231
187631782
187582383
195658380
168371244
194302579
170158179
167155607
315305960
173505662
212556262
181386818
181926400
201945396
169886777
188319728
175295728
170369821
185499095
177507002
166317585
175677516
165696649
170792364
178952077
182546006
174222746
177380089
164275448
172920339
168155650
185111968
173468784
173271890
163703571
172493786
221074046
224852162
170515680
174238912

Process finished with exit code 143 (interrupted by signal 15: SIGTERM)

